34
[0, 1, 2, 3, 26, 27, 28, 29, 30, 31, 32, 33, 34, 35]
46
[44, 45, 46, 47, 48, 49]
38
[0, 1, 2, 3, 26, 27, 28, 29, 30, 31, 32, 33, 34, 35, 36, 37, 38, 39, 40, 41]
47
[44, 45, 46, 47, 48, 49]
47
[44, 45, 46, 47, 48, 49]
1
[0, 1, 2, 3]
28
[0, 1, 2, 3, 26, 27, 28, 29, 30, 31, 32, 33, 34, 35]
31
[26, 27, 28, 29, 30, 31, 32, 33, 34, 35]
21
[18, 19, 20, 21, 22]
47
[44, 45, 46, 47, 48, 49]
6
[0, 1, 2, 3, 4, 5, 6, 7, 8, 9, 10, 44, 45, 46, 47, 48, 49]
20
[0, 1, 2, 3, 4, 5, 6, 7, 8, 9, 10, 18, 19, 20, 21, 22, 36, 37, 38, 39, 40, 41]
26
[26, 27, 28, 29, 30, 31, 32, 33, 34, 35]
4
[4, 5, 6, 7, 8, 9, 10, 18, 19, 20, 21, 22]
3
[0, 1, 2, 3]
3
[0, 1, 2, 3]
3
[0, 1, 2, 3]
16
[14, 15, 16]
22
[18, 19, 20, 21, 22]
15
[4, 5, 6, 7, 8, 9, 10, 14, 15, 16, 26, 27, 28, 29, 30, 31, 32, 33, 34, 35]
8
[0, 1, 2, 3, 4, 5, 6, 7, 8, 9, 10, 18, 19, 20, 21, 22, 42, 43, 44, 45, 46, 47, 48, 49]
44
[44, 45, 46, 47, 48, 49]
26
[26, 27, 28, 29, 30, 31, 32, 33, 34, 35]
18
[18, 19, 20, 21, 22]
27
[17, 26, 27, 28, 29, 30, 31, 32, 33, 34, 35]
15
[14, 15, 16]
1
[0, 1, 2, 3]
38
[36, 37, 38, 39, 40, 41]
28
[26, 27, 28, 29, 30, 31, 32, 33, 34, 35]
14
[0, 1, 2, 3, 14, 15, 16, 26, 27, 28, 29, 30, 31, 32, 33, 34, 35, 44, 45, 46, 47, 48, 49]
0
[0, 1, 2, 3]
29
[26, 27, 28, 29, 30, 31, 32, 33, 34, 35]
4
[0, 1, 2, 3, 4, 5, 6, 7, 8, 9, 10]
45
[44, 45, 46, 47, 48, 49]
1
[0, 1, 2, 3]
29
[0, 1, 2, 3, 26, 27, 28, 29, 30, 31, 32, 33, 34, 35]
12
[11, 12, 13]
33
[26, 27, 28, 29, 30, 31, 32, 33, 34, 35]
9
[4, 5, 6, 7, 8, 9, 10]
0
[0, 1, 2, 3]
3
[0, 1, 2, 3]
8
[4, 5, 6, 7, 8, 9, 10]
37
[36, 37, 38, 39, 40, 41]
4
[4, 5, 6, 7, 8, 9, 10]
41
[36, 37, 38, 39, 40, 41]
48
[44, 45, 46, 47, 48, 49]
47
[44, 45, 46, 47, 48, 49]
2
[0, 1, 2, 3]
47
[18, 19, 20, 21, 22, 44, 45, 46, 47, 48, 49]
44
[44, 45, 46, 47, 48, 49]
46
[44, 45, 46, 47, 48, 49]
47
[44, 45, 46, 47, 48, 49]
47
[44, 45, 46, 47, 48, 49]
40
[36, 37, 38, 39, 40, 41]
34
[0, 1, 2, 3, 26, 27, 28, 29, 30, 31, 32, 33, 34, 35]
44
[44, 45, 46, 47, 48, 49]
19
[18, 19, 20, 21, 22]
29
[0, 1, 2, 3, 26, 27, 28, 29, 30, 31, 32, 33, 34, 35]
48
[44, 45, 46, 47, 48, 49]
35
[26, 27, 28, 29, 30, 31, 32, 33, 34, 35]
2
[0, 1, 2, 3]
31
[26, 27, 28, 29, 30, 31, 32, 33, 34, 35]
29
[5, 6, 7, 8, 9, 10, 23, 24, 25, 26, 27, 28, 29, 30, 31, 32, 33, 34, 35]
0
[0, 1, 2, 3]
31
[26, 27, 28, 29, 30, 31, 32, 33, 34, 35]
8
[4, 5, 6, 7, 8, 9, 10]
37
[14, 15, 16, 36, 37, 38, 39, 40, 41]
47
[44, 45, 46, 47, 48, 49]
0
[0, 1, 2, 3, 26, 27, 28, 29, 30, 31, 32, 33, 34, 35]
40
[36, 37, 38, 39, 40, 41]
2
[0, 1, 2, 3]
2
[0, 1, 2, 3]
45
[44, 45, 46, 47, 48, 49]
46
[44, 45, 46, 47, 48, 49]
24
[11, 12, 13, 23, 24]
3
[0, 1, 2, 3]
34
[26, 27, 28, 29, 30, 31, 32, 33, 34, 35]
14
[14, 15, 16]
4
[4, 5, 6, 7, 8, 9, 10]
1
[0, 1, 2, 3]
2
[0, 1, 2, 3]
1
[0, 1, 2, 3]
2
[0, 1, 2, 3]
20
[18, 19, 20, 21, 22]
38
[36, 37, 38, 39, 40, 41]
48
[44, 45, 46, 47, 48, 49]
28
[26, 27, 28, 29, 30, 31, 32, 33, 34, 35]
37
[0, 1, 2, 3, 26, 27, 28, 29, 30, 31, 32, 33, 34, 35, 36, 37, 38, 39, 40, 41]
0
[0, 1, 2, 3]
16
[14, 15, 16]
46
[44, 45, 46, 47, 48, 49]
23
[23, 24, 25]
35
[26, 27, 28, 29, 30, 31, 32, 33, 34, 35]
6
[4, 5, 6, 7, 8, 9, 10]
28
[26, 27, 28, 29, 30, 31, 32, 33, 34, 35, 44, 45, 46, 47, 48, 49]
20
[18, 19, 20, 21, 22]
0
[0, 1, 2, 3]
40
[0, 1, 2, 3, 36, 37, 38, 39, 40, 41]
1
[0, 1, 2, 3]
30
[26, 27, 28, 29, 30, 31, 32, 33, 34, 35]
49
[44, 45, 46, 47, 48, 49]
13
[11, 12, 13]
46
[44, 45, 46, 47, 48, 49]
20
[18, 19, 20, 21, 22]
11
[11, 12, 13]
4
[4, 5, 6, 7, 8, 9, 10]
16
[14, 15, 16]
11
[11, 12, 13, 23, 24, 25]
11
[11, 12, 13]
12
[11, 12, 13]
27
[26, 27, 28, 29, 30, 31, 32, 33, 34, 35]
24
[23, 24, 25]
30
[26, 27, 28, 29, 30, 31, 32, 33, 34, 35]
16
[14, 15, 16]
31
[26, 27, 28, 29, 30, 31, 32, 33, 34, 35]
1
[0, 1, 2, 3]
10
[4, 5, 6, 7, 8, 9, 10]
10
[4, 5, 6, 7, 8, 9, 10]
39
[36, 37, 38, 39, 40, 41]
30
[26, 27, 28, 29, 30, 31, 32, 33, 34, 35]
28
[26, 27, 28, 29, 30, 31, 32, 33, 34, 35]
2
[0, 1, 2, 3]
21
[18, 19, 20, 21, 22]
32
[26, 27, 28, 29, 30, 31, 32, 33, 34, 35]
36
[36, 37, 38, 39, 40, 41]
45
[44, 45, 46, 47, 48, 49]
49
[44, 45, 46, 47, 48, 49]
44
[44, 45, 46, 47, 48, 49]
7
[4, 5, 6, 7, 8, 9, 10]
2
[0, 1, 2, 3]
15
[14, 15, 16]
45
[44, 45, 46, 47, 48, 49]
36
[36, 37, 38, 39, 40, 41]
20
[18, 19, 20, 21, 22, 44, 45, 46, 47, 48, 49]
48
[44, 45, 46, 47, 48, 49]
24
[23, 24, 25]
5
[4, 5, 6, 7, 8, 9, 10, 18, 19, 20, 21, 22]
3
[0, 1, 2, 3]
21
[18, 19, 20, 21, 22]
37
[36, 37, 38, 39, 40, 41]
23
[23, 24, 25]
40
[36, 37, 38, 39, 40, 41]
41
[36, 37, 38, 39, 40, 41]
36
[36, 37, 38, 39, 40, 41]
36
[36, 37, 38, 39, 40, 41]
38
[36, 37, 38, 39, 40, 41]
36
[36, 37, 38, 39, 40, 41]
38
[36, 37, 38, 39, 40, 41]
40
[36, 37, 38, 39, 40, 41]
39
[36, 37, 38, 39, 40, 41]
41
[36, 37, 38, 39, 40, 41]
40
[36, 37, 38, 39, 40, 41]
36
[36, 37, 38, 39, 40, 41]
40
[36, 37, 38, 39, 40, 41]
37
[36, 37, 38, 39, 40, 41]
37
[36, 37, 38, 39, 40, 41]
41
[36, 37, 38, 39, 40, 41]
37
[36, 37, 38, 39, 40, 41]
39
[36, 37, 38, 39, 40, 41]
39
[36, 37, 38, 39, 40, 41]
39
[36, 37, 38, 39, 40, 41]
39
[36, 37, 38, 39, 40, 41]
40
[36, 37, 38, 39, 40, 41]
39
[36, 37, 38, 39, 40, 41]
39
[36, 37, 38, 39, 40, 41]
38
[36, 37, 38, 39, 40, 41]
41
[36, 37, 38, 39, 40, 41]
37
[36, 37, 38, 39, 40, 41]
40
[36, 37, 38, 39, 40, 41]
41
[36, 37, 38, 39, 40, 41]
40
[36, 37, 38, 39, 40, 41]
36
[36, 37, 38, 39, 40, 41]
36
[36, 37, 38, 39, 40, 41]
40
[36, 37, 38, 39, 40, 41]
40
[36, 37, 38, 39, 40, 41]
38
[36, 37, 38, 39, 40, 41]
40
[36, 37, 38, 39, 40, 41]
39
[36, 37, 38, 39, 40, 41]
40
[36, 37, 38, 39, 40, 41]
40
[36, 37, 38, 39, 40, 41]
39
[36, 37, 38, 39, 40, 41]
40
[36, 37, 38, 39, 40, 41]
40
[36, 37, 38, 39, 40, 41]
41
[36, 37, 38, 39, 40, 41]
36
[36, 37, 38, 39, 40, 41]
41
[36, 37, 38, 39, 40, 41]
36
[36, 37, 38, 39, 40, 41]
40
[36, 37, 38, 39, 40, 41]
38
[36, 37, 38, 39, 40, 41]
40
[36, 37, 38, 39, 40, 41]
36
[36, 37, 38, 39, 40, 41]
40
[36, 37, 38, 39, 40, 41]
39
[36, 37, 38, 39, 40, 41]
39
[36, 37, 38, 39, 40, 41]
37
[36, 37, 38, 39, 40, 41]
38
[36, 37, 38, 39, 40, 41]
40
[36, 37, 38, 39, 40, 41]
38
[36, 37, 38, 39, 40, 41]
39
[36, 37, 38, 39, 40, 41]
38
[36, 37, 38, 39, 40, 41]
39
[36, 37, 38, 39, 40, 41]
41
[36, 37, 38, 39, 40, 41]
36
[36, 37, 38, 39, 40, 41]
38
[36, 37, 38, 39, 40, 41]
41
[36, 37, 38, 39, 40, 41]
41
[36, 37, 38, 39, 40, 41]
41
[36, 37, 38, 39, 40, 41]
38
[36, 37, 38, 39, 40, 41]
37
[36, 37, 38, 39, 40, 41]
38
[36, 37, 38, 39, 40, 41]
11
[11, 12, 13]
5
[4, 5, 6, 7, 8, 9, 10]
7
[4, 5, 6, 7, 8, 9, 10]
22
[18, 19, 20, 21, 22]
2
[0, 1, 2, 3]
3
[0, 1, 2, 3]
1
[0, 1, 2, 3]
1
[0, 1, 2, 3]
46
[44, 45, 46, 47, 48, 49]
5
[4, 5, 6, 7, 8, 9, 10]
46
[44, 45, 46, 47, 48, 49]
15
[14, 15, 16]
15
[14, 15, 16]
16
[14, 15, 16]
16
[14, 15, 16]
16
[14, 15, 16]
16
[14, 15, 16]
16
[14, 15, 16]
16
[14, 15, 16]
15
[14, 15, 16]
16
[14, 15, 16]
15
[14, 15, 16]
15
[14, 15, 16]
14
[14, 15, 16]
16
[14, 15, 16]
15
[14, 15, 16]
16
[14, 15, 16]
16
[14, 15, 16]
14
[14, 15, 16]
15
[14, 15, 16]
14
[14, 15, 16]
14
[14, 15, 16]
15
[14, 15, 16]
14
[14, 15, 16]
14
[14, 15, 16]
14
[14, 15, 16]
16
[14, 15, 16]
15
[14, 15, 16]
15
[14, 15, 16]
15
[14, 15, 16]
16
[14, 15, 16]
16
[14, 15, 16]
15
[14, 15, 16]
16
[14, 15, 16]
16
[14, 15, 16]
16
[14, 15, 16]
16
[14, 15, 16]
14
[14, 15, 16]
15
[14, 15, 16]
16
[14, 15, 16]
16
[14, 15, 16]
14
[14, 15, 16]
15
[14, 15, 16]
15
[14, 15, 16]
16
[14, 15, 16]
16
[14, 15, 16]
15
[14, 15, 16]
14
[14, 15, 16]
15
[14, 15, 16]
16
[14, 15, 16]
15
[14, 15, 16]
14
[14, 15, 16]
14
[14, 15, 16]
16
[14, 15, 16]
15
[14, 15, 16]
15
[14, 15, 16]
15
[14, 15, 16]
16
[14, 15, 16]
16
[14, 15, 16]
14
[14, 15, 16]
15
[14, 15, 16]
16
[14, 15, 16]
14
[14, 15, 16]
15
[14, 15, 16]
15
[14, 15, 16]
14
[14, 15, 16]
14
[14, 15, 16]
15
[14, 15, 16]
14
[14, 15, 16]
14
[14, 15, 16]
16
[14, 15, 16]
15
[14, 15, 16]
15
[14, 15, 16]
15
[14, 15, 16]
15
[14, 15, 16]
15
[14, 15, 16]
14
[14, 15, 16]
16
[14, 15, 16]
22
[14, 15, 16, 18, 19, 20, 21, 22]
16
[14, 15, 16]
20
[18, 19, 20, 21, 22]
25
[23, 24, 25]
1
[0, 1, 2, 3]
1
[0, 1, 2, 3]
47
[44, 45, 46, 47, 48, 49]
34
[26, 27, 28, 29, 30, 31, 32, 33, 34, 35]
28
[26, 27, 28, 29, 30, 31, 32, 33, 34, 35]
29
[26, 27, 28, 29, 30, 31, 32, 33, 34, 35]
8
[4, 5, 6, 7, 8, 9, 10]
0
[0, 1, 2, 3]
5
[4, 5, 6, 7, 8, 9, 10]
29
[26, 27, 28, 29, 30, 31, 32, 33, 34, 35]
4
[4, 5, 6, 7, 8, 9, 10]
3
[0, 1, 2, 3]
26
[26, 27, 28, 29, 30, 31, 32, 33, 34, 35]
13
[11, 12, 13]
49
[44, 45, 46, 47, 48, 49]
31
[26, 27, 28, 29, 30, 31, 32, 33, 34, 35]
23
[23, 24, 25]
11
[11, 12, 13]
18
[18, 19, 20, 21, 22]
3
[0, 1, 2, 3]
35
[26, 27, 28, 29, 30, 31, 32, 33, 34, 35]
9
[4, 5, 6, 7, 8, 9, 10]
32
[26, 27, 28, 29, 30, 31, 32, 33, 34, 35]
10
[4, 5, 6, 7, 8, 9, 10]
48
[44, 45, 46, 47, 48, 49]
19
[18, 19, 20, 21, 22]
1
[0, 1, 2, 3]
3
[0, 1, 2, 3]
45
[44, 45, 46, 47, 48, 49]
48
[44, 45, 46, 47, 48, 49]
44
[44, 45, 46, 47, 48, 49]
48
[44, 45, 46, 47, 48, 49]
48
[44, 45, 46, 47, 48, 49]
47
[44, 45, 46, 47, 48, 49]
44
[44, 45, 46, 47, 48, 49]
47
[44, 45, 46, 47, 48, 49]
45
[44, 45, 46, 47, 48, 49]
44
[44, 45, 46, 47, 48, 49]
47
[44, 45, 46, 47, 48, 49]
49
[44, 45, 46, 47, 48, 49]
45
[44, 45, 46, 47, 48, 49]
48
[44, 45, 46, 47, 48, 49]
48
[44, 45, 46, 47, 48, 49]
44
[44, 45, 46, 47, 48, 49]
49
[44, 45, 46, 47, 48, 49]
49
[44, 45, 46, 47, 48, 49]
47
[44, 45, 46, 47, 48, 49]
46
[44, 45, 46, 47, 48, 49]
49
[44, 45, 46, 47, 48, 49]
46
[44, 45, 46, 47, 48, 49]
48
[44, 45, 46, 47, 48, 49]
47
[44, 45, 46, 47, 48, 49]
44
[44, 45, 46, 47, 48, 49]
46
[44, 45, 46, 47, 48, 49]
49
[44, 45, 46, 47, 48, 49]
45
[44, 45, 46, 47, 48, 49]
45
[44, 45, 46, 47, 48, 49]
44
[44, 45, 46, 47, 48, 49]
44
[44, 45, 46, 47, 48, 49]
48
[44, 45, 46, 47, 48, 49]
46
[44, 45, 46, 47, 48, 49]
49
[44, 45, 46, 47, 48, 49]
47
[44, 45, 46, 47, 48, 49]
46
[44, 45, 46, 47, 48, 49]
47
[44, 45, 46, 47, 48, 49]
47
[44, 45, 46, 47, 48, 49]
46
[44, 45, 46, 47, 48, 49]
44
[44, 45, 46, 47, 48, 49]
20
[18, 19, 20, 21, 22]
19
[18, 19, 20, 21, 22]
8
[4, 5, 6, 7, 8, 9, 10]
33
[26, 27, 28, 29, 30, 31, 32, 33, 34, 35]
20
[18, 19, 20, 21, 22]
29
[26, 27, 28, 29, 30, 31, 32, 33, 34, 35]
19
[18, 19, 20, 21, 22]
11
[11, 12, 13, 23, 24, 25]
24
[11, 12, 13, 23, 24, 25]
1
[0, 1, 2, 3]
12
[11, 12, 13]
2
[0, 1, 2, 3]
12
[11, 12, 13, 23, 24, 25]
2
[0, 1, 2, 3]
21
[18, 19, 20, 21, 22]
22
[18, 19, 20, 21, 22]
27
[26, 27, 28, 29, 30, 31, 32, 33, 34, 35]
4
[4, 5, 6, 7, 8, 9, 10]
18
[18, 19, 20, 21, 22]
35
[0, 1, 2, 3, 26, 27, 28, 29, 30, 31, 32, 33, 34, 35]
7
[4, 5, 6, 7, 8, 9, 10]
34
[26, 27, 28, 29, 30, 31, 32, 33, 34, 35]
5
[4, 5, 6, 7, 8, 9, 10]
18
[18, 19, 20, 21, 22]
25
[23, 24, 25]
1
[0, 1, 2, 3]
0
[0, 1, 2, 3]
22
[18, 19, 20, 21, 22]
0
[0, 1, 2, 3]
22
[18, 19, 20, 21, 22]
21
[18, 19, 20, 21, 22]
7
[4, 5, 6, 7, 8, 9, 10]
1
[0, 1, 2, 3]
12
[11, 12, 13]
3
[0, 1, 2, 3]
3
[0, 1, 2, 3]
3
[0, 1, 2, 3]
0
[0, 1, 2, 3]
2
[0, 1, 2, 3]
0
[0, 1, 2, 3]
2
[0, 1, 2, 3]
3
[0, 1, 2, 3]
3
[0, 1, 2, 3]
1
[0, 1, 2, 3]
0
[0, 1, 2, 3]
2
[0, 1, 2, 3]
0
[0, 1, 2, 3]
2
[0, 1, 2, 3]
1
[0, 1, 2, 3]
3
[0, 1, 2, 3]
2
[0, 1, 2, 3]
2
[0, 1, 2, 3]
1
[0, 1, 2, 3]
3
[0, 1, 2, 3]
1
[0, 1, 2, 3]
3
[0, 1, 2, 3]
2
[0, 1, 2, 3]
1
[0, 1, 2, 3]
1
[0, 1, 2, 3]
2
[0, 1, 2, 3]
3
[0, 1, 2, 3]
1
[0, 1, 2, 3]
3
[0, 1, 2, 3]
1
[0, 1, 2, 3]
1
[0, 1, 2, 3]
3
[0, 1, 2, 3]
2
[0, 1, 2, 3]
1
[0, 1, 2, 3]
3
[0, 1, 2, 3]
1
[0, 1, 2, 3]
0
[0, 1, 2, 3]
0
[0, 1, 2, 3]
3
[0, 1, 2, 3]
0
[0, 1, 2, 3]
2
[0, 1, 2, 3]
1
[0, 1, 2, 3]
23
[23, 24, 25]
24
[23, 24, 25]
24
[23, 24, 25]
25
[23, 24, 25]
24
[23, 24, 25]
23
[11, 12, 13, 23, 24, 25]
25
[23, 24, 25]
25
[11, 12, 13, 23, 24, 25]
23
[23, 24, 25]
25
[11, 12, 13, 23, 24, 25]
25
[23, 24, 25]
11
[11, 12, 13, 23, 24, 25]
25
[23, 24, 25]
25
[23, 24, 25]
13
[11, 12, 13, 23, 24, 25]
23
[23, 24, 25]
24
[23, 24, 25]
25
[23, 24, 25]
25
[23, 24, 25]
13
[11, 12, 13, 23, 24, 25]
25
[23, 24, 25]
13
[11, 12, 13, 23, 24, 25]
24
[11, 12, 13, 23, 24, 25]
23
[11, 12, 13, 23, 24, 25]
25
[23, 24, 25]
25
[23, 24, 25]
12
[11, 12, 13, 23, 24, 25]
25
[23, 24, 25]
23
[23, 24, 25]
11
[11, 12, 13, 23, 24, 25]
23
[23, 24, 25]
23
[11, 12, 13, 23, 24, 25]
23
[23, 24, 25]
12
[11, 12, 13, 23, 24, 25]
24
[23, 24, 25]
24
[23, 24, 25]
24
[23, 24, 25]
23
[23, 24, 25]
23
[11, 12, 13, 23, 24, 25]
11
[11, 12, 13, 23, 24, 25]
24
[23, 24, 25]
24
[11, 12, 13, 23, 24, 25]
23
[23, 24, 25]
23
[23, 24, 25]
25
[23, 24, 25]
24
[23, 24, 25]
23
[11, 12, 13, 23, 24, 25]
25
[23, 24, 25]
25
[23, 24, 25]
25
[23, 24, 25]
23
[23, 24, 25]
25
[23, 24, 25]
25
[23, 24, 25]
25
[23, 24, 25]
25
[23, 24, 25]
25
[23, 24, 25]
11
[11, 12, 13, 23, 24, 25]
24
[23, 24, 25]
24
[23, 24, 25]
24
[23, 24, 25]
24
[11, 12, 13, 23, 24, 25]
23
[23, 24, 25]
25
[23, 24, 25]
24
[23, 24, 25]
25
[23, 24, 25]
24
[23, 24, 25]
25
[23, 24, 25]
23
[23, 24, 25]
23
[11, 12, 13, 23, 24, 25]
25
[23, 24, 25]
25
[23, 24, 25]
23
[23, 24, 25]
24
[23, 24, 25]
11
[11, 12, 13, 23, 24, 25]
23
[23, 24, 25]
11
[11, 12, 13]
19
[18, 19, 20, 21, 22]
26
[26, 27, 28, 29, 30, 31, 32, 33, 34, 35]
21
[18, 19, 20, 21, 22]
18
[18, 19, 20, 21, 22]
21
[18, 19, 20, 21, 22]
20
[18, 19, 20, 21, 22]
21
[18, 19, 20, 21, 22]
18
[18, 19, 20, 21, 22]
22
[18, 19, 20, 21, 22]
22
[18, 19, 20, 21, 22]
22
[18, 19, 20, 21, 22]
20
[18, 19, 20, 21, 22]
18
[18, 19, 20, 21, 22]
19
[18, 19, 20, 21, 22]
20
[18, 19, 20, 21, 22]
20
[18, 19, 20, 21, 22]
18
[18, 19, 20, 21, 22]
21
[18, 19, 20, 21, 22]
20
[18, 19, 20, 21, 22]
21
[18, 19, 20, 21, 22]
19
[18, 19, 20, 21, 22]
18
[18, 19, 20, 21, 22]
22
[18, 19, 20, 21, 22]
18
[18, 19, 20, 21, 22]
18
[18, 19, 20, 21, 22]
18
[18, 19, 20, 21, 22]
18
[18, 19, 20, 21, 22]
18
[18, 19, 20, 21, 22]
20
[18, 19, 20, 21, 22]
21
[18, 19, 20, 21, 22]
18
[18, 19, 20, 21, 22]
21
[18, 19, 20, 21, 22]
19
[18, 19, 20, 21, 22]
22
[18, 19, 20, 21, 22]
22
[18, 19, 20, 21, 22]
21
[18, 19, 20, 21, 22]
18
[18, 19, 20, 21, 22]
21
[18, 19, 20, 21, 22]
22
[18, 19, 20, 21, 22]
19
[18, 19, 20, 21, 22]
20
[18, 19, 20, 21, 22]
18
[18, 19, 20, 21, 22]
22
[18, 19, 20, 21, 22]
21
[18, 19, 20, 21, 22]
19
[18, 19, 20, 21, 22]
19
[18, 19, 20, 21, 22]
22
[18, 19, 20, 21, 22]
18
[18, 19, 20, 21, 22]
19
[18, 19, 20, 21, 22]
20
[18, 19, 20, 21, 22]
22
[18, 19, 20, 21, 22]
22
[18, 19, 20, 21, 22]
19
[18, 19, 20, 21, 22]
21
[18, 19, 20, 21, 22]
18
[18, 19, 20, 21, 22]
30
[26, 27, 28, 29, 30, 31, 32, 33, 34, 35]
4
[4, 5, 6, 7, 8, 9, 10]
6
[4, 5, 6, 7, 8, 9, 10]
35
[26, 27, 28, 29, 30, 31, 32, 33, 34, 35]
13
[11, 12, 13]
28
[26, 27, 28, 29, 30, 31, 32, 33, 34, 35]
0
[0, 1, 2]
12
[11, 12, 13]
7
[4, 5, 6, 7, 8, 9, 10]
10
[4, 5, 6, 7, 8, 9, 10]
4
[4, 5, 6, 7, 8, 9, 10]
6
[4, 5, 6, 7, 8, 9, 10]
10
[4, 5, 6, 7, 8, 9, 10]
6
[4, 5, 6, 7, 8, 9, 10]
9
[4, 5, 6, 7, 8, 9, 10]
8
[4, 5, 6, 7, 8, 9, 10]
7
[4, 5, 6, 7, 8, 9, 10]
6
[4, 5, 6, 7, 8, 9, 10]
10
[4, 5, 6, 7, 8, 9, 10]
6
[4, 5, 6, 7, 8, 9, 10]
7
[4, 5, 6, 7, 8, 9, 10]
6
[4, 5, 6, 7, 8, 9, 10]
5
[4, 5, 6, 7, 8, 9, 10]
4
[4, 5, 6, 7, 8, 9, 10]
8
[4, 5, 6, 7, 8, 9, 10]
8
[4, 5, 6, 7, 8, 9, 10]
9
[4, 5, 6, 7, 8, 9, 10]
8
[4, 5, 6, 7, 8, 9, 10]
7
[4, 5, 6, 7, 8, 9, 10]
8
[4, 5, 6, 7, 8, 9, 10]
8
[4, 5, 6, 7, 8, 9, 10]
7
[4, 5, 6, 7, 8, 9, 10]
10
[4, 5, 6, 7, 8, 9, 10]
8
[4, 5, 6, 7, 8, 9, 10]
6
[4, 5, 6, 7, 8, 9, 10]
6
[4, 5, 6, 7, 8, 9, 10]
7
[4, 5, 6, 7, 8, 9, 10]
8
[4, 5, 6, 7, 8, 9, 10]
8
[4, 5, 6, 7, 8, 9, 10]
10
[4, 5, 6, 7, 8, 9, 10]
9
[4, 5, 6, 7, 8, 9, 10]
10
[4, 5, 6, 7, 8, 9, 10]
5
[4, 5, 6, 7, 8, 9, 10]
5
[4, 5, 6, 7, 8, 9, 10]
7
[4, 5, 6, 7, 8, 9, 10]
10
[4, 5, 6, 7, 8, 9, 10]
5
[4, 5, 6, 7, 8, 9, 10]
5
[4, 5, 6, 7, 8, 9, 10]
7
[4, 5, 6, 7, 8, 9, 10]
8
[4, 5, 6, 7, 8, 9, 10]
4
[4, 5, 6, 7, 8, 9, 10]
5
[4, 5, 6, 7, 8, 9, 10]
7
[4, 5, 6, 7, 8, 9, 10]
5
[4, 5, 6, 7, 8, 9, 10]
5
[4, 5, 6, 7, 8, 9, 10]
10
[4, 5, 6, 7, 8, 9, 10]
10
[4, 5, 6, 7, 8, 9, 10]
8
[4, 5, 6, 7, 8, 9, 10]
33
[26, 27, 28, 29, 30, 31, 32, 33, 34, 35]
12
[11, 12, 13]
29
[26, 27, 28, 29, 30, 31, 32, 33, 34, 35]
29
[26, 27, 28, 29, 30, 31, 32, 33, 34, 35]
32
[26, 27, 28, 29, 30, 31, 32, 33, 34, 35]
12
[11, 12, 13]
11
[11, 12, 13]
27
[26, 27, 28, 29, 30, 31, 32, 33, 34, 35]
30
[26, 27, 28, 29, 30, 31, 32, 33, 34, 35]
27
[26, 27, 28, 29, 30, 31, 32, 33, 34, 35]
32
[26, 27, 28, 29, 30, 31, 32, 33, 34, 35]
32
[26, 27, 28, 29, 30, 31, 32, 33, 34, 35]
33
[26, 27, 28, 29, 30, 31, 32, 33, 34, 35]
27
[26, 27, 28, 29, 30, 31, 32, 33, 34, 35]
27
[26, 27, 28, 29, 30, 31, 32, 33, 34, 35]
28
[26, 27, 28, 29, 30, 31, 32, 33, 34, 35]
31
[26, 27, 28, 29, 30, 31, 32, 33, 34, 35]
27
[26, 27, 28, 29, 30, 31, 32, 33, 34, 35]
32
[26, 27, 28, 29, 30, 31, 32, 33, 34, 35]
30
[26, 27, 28, 29, 30, 31, 32, 33, 34, 35]
33
[26, 27, 28, 29, 30, 31, 32, 33, 34, 35]
32
[26, 27, 28, 29, 30, 31, 32, 33, 34, 35]
31
[26, 27, 28, 29, 30, 31, 32, 33, 34, 35]
30
[26, 27, 28, 29, 30, 31, 32, 33, 34, 35]
35
[26, 27, 28, 29, 30, 31, 32, 33, 34, 35]
28
[26, 27, 28, 29, 30, 31, 32, 33, 34, 35]
34
[26, 27, 28, 29, 30, 31, 32, 33, 34, 35]
33
[26, 27, 28, 29, 30, 31, 32, 33, 34, 35]
27
[26, 27, 28, 29, 30, 31, 32, 33, 34, 35]
34
[26, 27, 28, 29, 30, 31, 32, 33, 34, 35]
29
[26, 27, 28, 29, 30, 31, 32, 33, 34, 35]
34
[26, 27, 28, 29, 30, 31, 32, 33, 34, 35]
28
[26, 27, 28, 29, 30, 31, 32, 33, 34, 35]
12
[11, 12, 13]
12
[11, 12, 13]
11
[11, 12, 13]
11
[11, 12, 13]
13
[11, 12, 13]
12
[11, 12, 13]
13
[11, 12, 13]
12
[11, 12, 13]
12
[11, 12, 13]
13
[11, 12, 13]
12
[11, 12, 13]
12
[11, 12, 13]
12
[11, 12, 13]
13
[11, 12, 13]
11
[11, 12, 13]
11
[11, 12, 13]
11
[11, 12, 13]
13
[11, 12, 13]
13
[11, 12, 13]
12
[11, 12, 13]
13
[11, 12, 13]
13
[11, 12, 13]
12
[11, 12, 13]
11
[11, 12, 13]
13
[11, 12, 13]
12
[11, 12, 13]
13
[11, 12, 13]
13
[11, 12, 13]
13
[11, 12, 13]
13
[11, 12, 13]
11
[11, 12, 13]
11
[11, 12, 13]
13
[11, 12, 13]
11
[11, 12, 13]
13
[11, 12, 13]
11
[11, 12, 13]
12
[11, 12, 13]
11
[11, 12, 13]
13
[11, 12, 13]
13
[11, 12, 13]
11
[11, 12, 13]
11
[11, 12, 13]
13
[11, 12, 13]
12
[11, 12, 13]
13
[11, 12, 13]
12
[11, 12, 13]
12
[11, 12, 13]
13
[11, 12, 13]
12
[11, 12, 13]
11
[11, 12, 13]
13
[11, 12, 13]
13
[11, 12, 13]
13
[11, 12, 13]
12
[11, 12, 13]
13
[11, 12, 13]
